-4.043945628712369000e+01
-4.030945628712368745e+01
-4.017945628712368489e+01
-4.004945628712368944e+01
-3.991945628712368688e+01
-3.978945628712368432e+01
-3.965945628712368887e+01
-3.952945628712368631e+01
-3.939945628712369086e+01
-3.926945628712368830e+01
-3.913945628712368574e+01
-3.900945628712369029e+01
-3.887945628712368773e+01
-3.874945628712368517e+01
-3.861945628712368972e+01
-3.848945628712368716e+01
-3.835945628712368460e+01
-3.822945628712368915e+01
-3.809945628712368659e+01
-3.796945628712368404e+01
-3.783945628712368858e+01
-3.770945628712368602e+01
-3.757945628712369057e+01
-3.744945628712368801e+01
-3.731945628712368546e+01
-3.718945628712369000e+01
-3.705945628712368745e+01
-3.692945628712368489e+01
-3.679945628712368944e+01
-3.666945628712368688e+01
-3.653945628712368432e+01
-3.640945628712368887e+01
-3.627945628712368631e+01
-3.614945628712368375e+01
-3.601945628712368830e+01
-3.588945628712368574e+01
-3.575945628712368318e+01
-3.562945628712368773e+01
-3.549945628712368517e+01
-3.536945628712368972e+01
-3.523945628712368716e+01
-3.510945628712368460e+01
-3.497945628712368915e+01
-3.484945628712368659e+01
-3.471945628712368404e+01
-3.458945628712368858e+01
-3.445945628712368602e+01
-3.432945628712369057e+01
-3.419945628712368801e+01
-3.406945628712368546e+01
-3.393945628712369000e+01
-3.380945628712368745e+01
-3.367945628712368489e+01
-3.354945628712368944e+01
-3.341945628712368688e+01
-3.328945628712368432e+01
-3.315945628712368887e+01
-3.302945628712368631e+01
-3.289945628712368375e+01
-3.276945628712368830e+01
-3.263945628712368574e+01
-3.250945628712368318e+01
-3.237945628712368773e+01
-3.224945628712368517e+01
-3.211945628712368261e+01
-3.198945628712368716e+01
-3.185945628712368460e+01
-3.172945628712368915e+01
-3.159945628712368659e+01
-3.146945628712368404e+01
-3.133945628712368858e+01
-3.120945628712368602e+01
-3.107945628712368702e+01
-3.094945628712368801e+01
-3.081945628712368546e+01
-3.068945628712368645e+01
-3.055945628712368745e+01
-3.042945628712368489e+01
-3.029945628712368588e+01
-3.016945628712368688e+01
-3.003945628712368432e+01
-2.990945628712368887e+01
-2.977945628712368631e+01
-2.964945628712368730e+01
-2.951945628712368830e+01
-2.938945628712368574e+01
-2.925945628712368674e+01
-2.912945628712368773e+01
-2.899945628712368517e+01
-2.886945628712368617e+01
-2.873945628712368716e+01
-2.860945628712368460e+01
-2.847945628712368560e+01
-2.834945628712368659e+01
-2.821945628712368404e+01
-2.808945628712368858e+01
-2.795945628712368602e+01
-2.782945628712368702e+01
-2.769945628712368801e+01
-2.756945628712368546e+01
-2.743945628712368645e+01
-2.730945628712368745e+01
-2.717945628712368489e+01
-2.704945628712368588e+01
-2.691945628712368688e+01
-2.678945628712368432e+01
-2.665945628712368887e+01
-2.652945628712368631e+01
-2.639945628712368375e+01
-2.626945628712368830e+01
-2.613945628712368574e+01
-2.600945628712368674e+01
-2.587945628712368773e+01
-2.574945628712368517e+01
-2.561945628712368617e+01
-2.548945628712368716e+01
-2.535945628712368460e+01
-2.522945628712368560e+01
-2.509945628712368659e+01
-2.496945628712368404e+01
-2.483945628712368858e+01
-2.470945628712368602e+01
-2.457945628712368347e+01
-2.444945628712368801e+01
-2.431945628712368546e+01
-2.418945628712368645e+01
-2.405945628712368745e+01
-2.392945628712368489e+01
-2.379945628712368588e+01
-2.366945628712368688e+01
-2.353945628712368432e+01
-2.340945628712368531e+01
-2.327945628712368631e+01
-2.314945628712368730e+01
-2.301945628712368475e+01
-2.288945628712368574e+01
-2.275945628712368674e+01
-2.262945628712368418e+01
-2.249945628712368517e+01
-2.236945628712368617e+01
-2.223945628712368716e+01
-2.210945628712368460e+01
-2.197945628712368560e+01
-2.184945628712368659e+01
-2.171945628712368404e+01
-2.158945628712368503e+01
-2.145945628712368602e+01
-2.132945628712368702e+01
-2.119945628712368446e+01
-2.106945628712368546e+01
-2.093945628712368645e+01
-2.080945628712368745e+01
-2.067945628712368489e+01
-2.054945628712368588e+01
-2.041945628712368688e+01
-2.028945628712368432e+01
-2.015945628712368531e+01
-2.002945628712368631e+01
-1.989945628712368730e+01
-1.976945628712368475e+01
-1.963945628712368574e+01
-1.950945628712368674e+01
-1.937945628712368418e+01
-1.924945628712368517e+01
-1.911945628712368617e+01
-1.898945628712368716e+01
-1.885945628712368460e+01
-1.872945628712368560e+01
-1.859945628712368659e+01
-1.846945628712368404e+01
-1.833945628712368503e+01
-1.820945628712368602e+01
-1.807945628712368702e+01
-1.794945628712368446e+01
-1.781945628712368546e+01
-1.768945628712368645e+01
-1.755945628712368389e+01
-1.742945628712368489e+01
-1.729945628712368588e+01
-1.716945628712368688e+01
-1.703945628712368432e+01
-1.690945628712368531e+01
-1.677945628712368631e+01
-1.664945628712368375e+01
-1.651945628712368475e+01
-1.638945628712368574e+01
-1.625945628712368674e+01
-1.612945628712368418e+01
-1.599945628712368517e+01
-1.586945628712368617e+01
-1.573945628712368361e+01
-1.560945628712368460e+01
-1.547945628712368560e+01
-1.534945628712368659e+01
-1.521945628712368404e+01
-1.508945628712368503e+01
-1.495945628712368602e+01
-1.482945628712368347e+01
-1.469945628712368446e+01
-1.456945628712368546e+01
-1.443945628712368645e+01
-1.430945628712368389e+01
-1.417945628712368489e+01
-1.404945628712368588e+01
-1.391945628712368688e+01
-1.378945628712368432e+01
-1.365945628712368531e+01
-1.352945628712368631e+01
-1.339945628712368375e+01
-1.326945628712368475e+01
-1.313945628712368574e+01
-1.300945628712368674e+01
-1.287945628712368418e+01
-1.274945628712368517e+01
-1.261945628712368617e+01
-1.248945628712368361e+01
-1.235945628712368460e+01
-1.222945628712368560e+01
-1.209945628712368659e+01
-1.196945628712368404e+01
-1.183945628712368503e+01
-1.170945628712368602e+01
-1.157945628712368347e+01
-1.144945628712368446e+01
-1.131945628712368546e+01
-1.118945628712368645e+01
-1.105945628712368389e+01
-1.092945628712368489e+01
-1.079945628712368588e+01
-1.066945628712368332e+01
-1.053945628712368432e+01
-1.040945628712368531e+01
-1.027945628712368631e+01
-1.014945628712368375e+01
-1.001945628712368475e+01
-9.889456287123685740e+00
-9.759456287123683182e+00
-9.629456287123684177e+00
-9.499456287123685172e+00
-9.369456287123686167e+00
-9.239456287123683609e+00
-9.109456287123684604e+00
-8.979456287123685598e+00
-8.849456287123683040e+00
-8.719456287123684035e+00
-8.589456287123685030e+00
-8.459456287123686025e+00
-8.329456287123683467e+00
-8.199456287123688014e+00
-8.069456287123685456e+00
-7.939456287123682898e+00
-7.809456287123687446e+00
-7.679456287123684888e+00
-7.549456287123682330e+00
-7.419456287123686877e+00
-7.289456287123684319e+00
-7.159456287123681761e+00
-7.029456287123686309e+00
-6.899456287123683751e+00
-6.769456287123681193e+00
-6.639456287123685740e+00
-6.509456287123683182e+00
-6.379456287123687730e+00
-6.249456287123685172e+00
-6.119456287123682614e+00
-5.989456287123687162e+00
-5.859456287123684604e+00
-5.729456287123682046e+00
-5.599456287123686593e+00
-5.469456287123684035e+00
-5.339456287123681477e+00
-5.209456287123686025e+00
-5.079456287123683467e+00
-4.949456287123680909e+00
-4.819456287123685456e+00
-4.689456287123682898e+00
-4.559456287123687446e+00
-4.429456287123684888e+00
-4.299456287123682330e+00
-4.169456287123686877e+00
-4.039456287123684319e+00
-3.909456287123681761e+00
-3.779456287123686309e+00
-3.649456287123683751e+00
-3.519456287123681193e+00
-3.389456287123685740e+00
-3.259456287123683182e+00
-3.129456287123680625e+00
-2.999456287123685172e+00
-2.869456287123682614e+00
-2.739456287123687162e+00
-2.609456287123684604e+00
-2.479456287123682046e+00
-2.349456287123686593e+00
-2.219456287123684035e+00
-2.089456287123681477e+00
-1.959456287123686025e+00
-1.829456287123683467e+00
-1.699456287123680909e+00
-1.569456287123685456e+00
-1.439456287123682898e+00
-1.309456287123687446e+00
-1.179456287123684888e+00
-1.049456287123682330e+00
-9.194562871236868773e-01
-7.894562871236843193e-01
-6.594562871236817614e-01
-5.294562871236863089e-01
-3.994562871236837509e-01
-2.694562871236811930e-01
-1.394562871236857404e-01
-9.456287123683182472e-03
1.205437128763193755e-01
2.505437128763148280e-01
3.805437128763173860e-01
5.105437128763128385e-01
6.405437128763153964e-01
7.705437128763179544e-01
9.005437128763134069e-01
1.030543712876315965e+00
1.160543712876318523e+00
1.290543712876313975e+00
1.420543712876316533e+00
1.550543712876319091e+00
1.680543712876314544e+00
1.810543712876317102e+00
1.940543712876319660e+00
2.070543712876315112e+00
2.200543712876317670e+00
2.330543712876313123e+00
2.460543712876315681e+00
2.590543712876318239e+00
2.720543712876313691e+00
2.850543712876316249e+00
2.980543712876318807e+00
3.110543712876314260e+00
3.240543712876316818e+00
3.370543712876319375e+00
3.500543712876314828e+00
3.630543712876317386e+00
3.760543712876319944e+00
3.890543712876315396e+00
4.020543712876317954e+00
4.150543712876313407e+00
4.280543712876315965e+00
4.410543712876318523e+00
4.540543712876313975e+00
4.670543712876316533e+00
4.800543712876319091e+00
4.930543712876314544e+00
5.060543712876317102e+00
5.190543712876319660e+00
5.320543712876315112e+00
5.450543712876317670e+00
5.580543712876313123e+00
5.710543712876315681e+00
5.840543712876318239e+00
5.970543712876313691e+00
6.100543712876316249e+00
6.230543712876318807e+00
6.360543712876314260e+00
6.490543712876316818e+00
6.620543712876319375e+00
6.750543712876314828e+00
6.880543712876317386e+00
7.010543712876319944e+00
7.140543712876315396e+00
7.270543712876317954e+00
7.400543712876313407e+00
7.530543712876315965e+00
7.660543712876318523e+00
7.790543712876313975e+00
7.920543712876316533e+00
8.050543712876319091e+00
8.180543712876314544e+00
8.310543712876317102e+00
8.440543712876319660e+00
8.570543712876315112e+00
8.700543712876317670e+00
8.830543712876320228e+00
8.960543712876315681e+00
9.090543712876318239e+00
9.220543712876313691e+00
9.350543712876316249e+00
9.480543712876318807e+00
9.610543712876314260e+00
9.740543712876316818e+00
9.870543712876319375e+00
1.000054371287631483e+01
1.013054371287631739e+01
1.026054371287631994e+01
1.039054371287631540e+01
1.052054371287631795e+01
1.065054371287632051e+01
1.078054371287631596e+01
1.091054371287631852e+01
1.104054371287631398e+01
1.117054371287631653e+01
1.130054371287631909e+01
1.143054371287631454e+01
1.156054371287631710e+01
1.169054371287631966e+01
1.182054371287631511e+01
1.195054371287631767e+01
1.208054371287632023e+01
1.221054371287631568e+01
1.234054371287631824e+01
1.247054371287631369e+01
1.260054371287631625e+01
1.273054371287631881e+01
1.286054371287631426e+01
1.299054371287631682e+01
1.312054371287631938e+01
1.325054371287631483e+01
1.338054371287631739e+01
1.351054371287631994e+01
1.364054371287631540e+01
1.377054371287631795e+01
1.390054371287632051e+01
1.403054371287631596e+01
1.416054371287631852e+01
1.429054371287631398e+01
1.442054371287631653e+01
1.455054371287631909e+01
1.468054371287631454e+01
1.481054371287631710e+01
1.494054371287631966e+01
1.507054371287631511e+01
1.520054371287631767e+01
1.533054371287632023e+01
1.546054371287631568e+01
1.559054371287631824e+01
1.572054371287632080e+01
1.585054371287631625e+01
1.598054371287631881e+01
1.611054371287631426e+01
1.624054371287631682e+01
1.637054371287631938e+01
1.650054371287631483e+01
1.663054371287631739e+01
1.676054371287631994e+01
1.689054371287631540e+01
1.702054371287631795e+01
1.715054371287632051e+01
1.728054371287631596e+01
1.741054371287631852e+01
1.754054371287632108e+01
1.767054371287631653e+01
1.780054371287631909e+01
1.793054371287631454e+01
1.806054371287631710e+01
1.819054371287631966e+01
1.832054371287631511e+01
1.845054371287631767e+01
1.858054371287632023e+01
1.871054371287631568e+01
1.884054371287631824e+01
1.897054371287632080e+01
1.910054371287631625e+01
1.923054371287631881e+01
1.936054371287632137e+01
1.949054371287631682e+01
1.962054371287631938e+01
1.975054371287631483e+01
1.988054371287631739e+01
2.001054371287631994e+01
2.014054371287631540e+01
2.027054371287631795e+01
2.040054371287632051e+01
2.053054371287631596e+01
2.066054371287631852e+01
2.079054371287632108e+01
2.092054371287631653e+01
2.105054371287631909e+01
2.118054371287631454e+01
2.131054371287631710e+01
2.144054371287631966e+01
2.157054371287631511e+01
2.170054371287631767e+01
2.183054371287632023e+01
2.196054371287631568e+01
2.209054371287631824e+01
2.222054371287632080e+01
2.235054371287631625e+01
2.248054371287631881e+01
2.261054371287632137e+01
2.274054371287631682e+01
2.287054371287631938e+01
2.300054371287631483e+01
2.313054371287631739e+01
2.326054371287631994e+01
2.339054371287631540e+01
2.352054371287631795e+01
2.365054371287632051e+01
2.378054371287631596e+01
2.391054371287631142e+01
2.404054371287632108e+01
2.417054371287631653e+01
2.430054371287631199e+01
2.443054371287632165e+01
2.456054371287631710e+01
2.469054371287631255e+01
2.482054371287632222e+01
2.495054371287631767e+01
2.508054371287631312e+01
2.521054371287632279e+01
2.534054371287631824e+01
2.547054371287631369e+01
2.560054371287632335e+01
2.573054371287631881e+01
2.586054371287631426e+01
2.599054371287632392e+01
2.612054371287631938e+01
2.625054371287631483e+01
2.638054371287632449e+01
2.651054371287631994e+01
2.664054371287631540e+01
2.677054371287632506e+01
2.690054371287632051e+01
2.703054371287631596e+01
2.716054371287632563e+01
2.729054371287632108e+01
2.742054371287631653e+01
2.755054371287631199e+01
2.768054371287632165e+01
2.781054371287631710e+01
2.794054371287631255e+01
2.807054371287632222e+01
2.820054371287631767e+01
2.833054371287631312e+01
2.846054371287632279e+01
2.859054371287631824e+01
2.872054371287631369e+01
2.885054371287632335e+01
2.898054371287631881e+01
2.911054371287631426e+01
2.924054371287632392e+01
2.937054371287631938e+01
2.950054371287631483e+01
2.963054371287632449e+01
2.976054371287631994e+01
2.989054371287631540e+01
3.002054371287632506e+01
3.015054371287632051e+01
3.028054371287631596e+01
3.041054371287632563e+01
3.054054371287632108e+01
3.067054371287631653e+01
3.080054371287631199e+01
3.093054371287632165e+01
3.106054371287631710e+01
3.119054371287631255e+01
3.132054371287632222e+01
3.145054371287631767e+01
3.158054371287631312e+01
3.171054371287632279e+01
3.184054371287631824e+01
3.197054371287631369e+01
3.210054371287632335e+01
3.223054371287631881e+01
3.236054371287631426e+01
3.249054371287632392e+01
3.262054371287631938e+01
3.275054371287631483e+01
3.288054371287632449e+01
3.301054371287631994e+01
3.314054371287631540e+01
3.327054371287632506e+01
3.340054371287632051e+01
3.353054371287631596e+01
3.366054371287632563e+01
3.379054371287632108e+01
3.392054371287631653e+01
3.405054371287632620e+01
3.418054371287632165e+01
3.431054371287631710e+01
3.444054371287631255e+01
3.457054371287632222e+01
3.470054371287631767e+01
3.483054371287631312e+01
3.496054371287632279e+01
3.509054371287631824e+01
3.522054371287631369e+01
3.535054371287632335e+01
3.548054371287631881e+01
3.561054371287631426e+01
3.574054371287632392e+01
3.587054371287631938e+01
3.600054371287631483e+01
3.613054371287632449e+01
3.626054371287631994e+01
3.639054371287631540e+01
3.652054371287632506e+01
3.665054371287632051e+01
3.678054371287631596e+01
3.691054371287632563e+01
3.704054371287632108e+01
3.717054371287631653e+01
3.730054371287632620e+01
3.743054371287632165e+01
3.756054371287631710e+01
3.769054371287631255e+01
3.782054371287632222e+01
3.795054371287631767e+01
3.808054371287631312e+01
3.821054371287632279e+01
3.834054371287631824e+01
3.847054371287631369e+01
3.860054371287632335e+01
3.873054371287631881e+01
3.886054371287631426e+01
3.899054371287632392e+01
3.912054371287631938e+01
3.925054371287631483e+01
3.938054371287632449e+01
3.951054371287631994e+01
3.964054371287631540e+01
