4.444443127567969069e-06
3.021634601583794430e-07
-4.577776421399924430e-05
6.789668392595920297e-05
-2.838931114046427950e-05
-4.738898986951813448e-06
-1.623324972127779050e-05
3.322579660694043377e-05
-3.700743415417188417e-18
2.700753050980985901e-06
2.879104667538444215e-06
1.512178397458877207e-05
1.676841180000530229e-05
-2.850630005999656860e-05
1.029112528841762369e-04
-1.157598635296514449e-04
1.103078655759037036e-04
-6.028347550815185463e-05
8.020890310999603595e-05
-7.146739560833177739e-05
-1.059670467919006259e-05
-7.525111925587526401e-05
2.535729096167537496e-04
-1.024251345427486828e-04
7.405226564029826638e-05
-9.537034211249198479e-05
-1.410325059118112782e-04
2.781122234506224356e-04
-1.250758585081889276e-04
-4.577776421399448736e-05
-1.275773756783416544e-04
2.612177505996295460e-04
0.000000000000000000e+00
-4.913997288506753589e-05
-1.109763980945482415e-04
-8.255006661540352888e-05
1.978051540110461792e-05
3.454925601056187508e-05
2.560451218748919524e-04
-1.152921469093145135e-04
-6.960361810314951889e-05
3.051850947600964704e-05
1.900714186662967977e-04
-3.468012440454278978e-04
9.501045402904935606e-05
-6.455838543000076907e-05
-3.730040047066711102e-05
1.922666096988034804e-04
1.695472748666955882e-05
1.036477680316772566e-04
6.936024880883023166e-06
-1.780246386099878229e-04
5.916853878000646953e-05
2.882303672733084964e-04
-2.255715917791032722e-04
-7.976428613045502688e-05
-3.317229290869165928e-05
1.492753180891317588e-04
-1.640369884334802464e-04
-8.719574135999855864e-05
1.042095445521825666e-04
2.193517868587189503e-04
-3.912629419999529073e-06
-2.644937487919829305e-04
1.489593914899979121e-04
1.153748528970863544e-04
7.433995897999673853e-05
2.605238613802398132e-05
-1.009293658750142337e-17
1.302619306902336258e-04
1.237236870648559714e-04
-3.017941492626402024e-04
4.196295052948939699e-05
8.031186704215401663e-06
-1.995441004199759768e-04
2.288888210698614077e-05
-2.977415558633787713e-05
-1.173788826000428013e-05
-1.967640742531225192e-04
7.835833514107164394e-05
1.414272390351049282e-04
1.164522072110327585e-04
3.521366478000714832e-05
-1.757126303163424833e-04
3.912629419999528904e-05
3.349592503463011601e-05
-1.907406842249770307e-04
-3.652973103945283810e-04
9.082889724999434642e-05
1.653085929949924351e-04
1.202244312690898908e-04
1.173788826000997388e-05
1.271604561498613309e-05
-2.179893533999991274e-04
-3.699213269816390689e-05
1.967640742531517385e-04
-6.732024149118142123e-05
-9.390310608001145923e-05
2.005502051279948810e-04
-1.211764346840899989e-04
-2.092697792639938194e-04
9.710434833272903199e-05
5.361359772809565341e-05
8.719574135998314941e-05
-1.211764346840965177e-04
8.785631515818469932e-05
9.809520902998818527e-05
1.860884724145034220e-05
-1.313991380216631701e-04
-2.461170119029812813e-05
-1.211764346841095823e-04
-2.193517868587374631e-04
1.294724644436207658e-04
1.821265888083651674e-04
5.086418245998770393e-05
5.414574261870315513e-05
-2.953404142837637696e-05
2.062061451081432720e-05
-2.527314065980945657e-04
-9.591531549599480004e-05
2.543209122999693855e-05
4.488016099410571219e-05
1.946870432089497388e-04
4.624016587278899399e-06
4.119998779259651856e-04
8.283595429199002282e-05
-5.086418245999387202e-06
-2.861110263373961571e-05
1.656719085839737031e-04
-1.631161713372140715e-04
-2.756510533315940448e-04
1.743914827201058899e-05
2.234390872349730970e-04
4.768517105625119656e-05
-2.234390872349730970e-04
-6.975659308799160173e-05
3.578032145461637831e-04
1.476702071419320258e-04
1.430555131687327730e-04
-1.968936095225569185e-05
-1.368071114441367624e-04
1.479685307927094582e-04
-1.281777397991934388e-04
1.695472748666770890e-04
1.578543593586093270e-04
-1.961904180600080835e-04
-7.120985544399882898e-05
-1.089946766999868785e-04
4.488016099410571219e-05
1.420689234227491776e-04
4.922340238065355634e-05
1.052362395727073958e-05
-1.907406842250464196e-05
9.264547519498091718e-05
1.130315165777394967e-04
-1.919712692845073265e-04
4.768517105627201325e-05
2.788760348668859130e-04
6.399042309482384024e-05
-5.282049716999363614e-05
1.115099384699865697e-04
4.488016099412530237e-05
1.186830924066441468e-04
-5.086418246006788576e-06
5.651575828912879814e-06
1.932838933479989415e-04
2.384258552811518994e-05
2.934472064999988066e-04
-3.102715130059700453e-04
-2.644937487919977299e-04
1.349857149899922975e-04
4.069134596798029826e-05
-1.467236032499823271e-04
1.578543593589079502e-05
3.051850947599990820e-04
2.260630331555447774e-04
-8.945080363655626013e-05
-2.995335189311161702e-04
1.578543593584485534e-05
3.110540388900137751e-04
5.994707218500071414e-05
-5.261811978635369790e-06
-7.629627368998341259e-05
-7.912206160447602928e-05
-1.119012014120087327e-04
6.103701895217028787e-06
3.923808361200003376e-04
2.543209122999915642e-04
-6.103701895201041718e-05
-4.314685822468828790e-04
7.120985544399882898e-05
1.724959231252062614e-04
-5.449733834998550427e-05
-1.424197108879976580e-04
-3.525414025675437514e-04
6.993825088250082977e-05
2.209961031020270478e-04
3.215342962649850940e-04
-3.601184118167921849e-04
-3.314941546530788576e-04
-3.390945497334569740e-05
5.994707218500071414e-05
2.788760348668629821e-04
2.724866917500464787e-05
4.108260891002067590e-05
-6.781890994665027643e-05
1.689417488849955277e-04
-3.317229290873027720e-05
1.476702071419320258e-04
4.300335426163522080e-04
9.042521326221955895e-05
3.998977103751855111e-04
1.808504265244226651e-04
3.051850947599862342e-04
6.358022807499234638e-06
7.261300530496442827e-04
3.814813684499882137e-04
2.204114573266812457e-04
2.397882887399869730e-04
7.496938197364797114e-04
7.313918650282031112e-04
2.464956534599874053e-04
1.089946767000106632e-04
5.927633571299456821e-04
6.103701895199350634e-04
7.324442274239206883e-04
7.383510357095885714e-05
5.692875806099314704e-04
5.531479842524333890e-04
9.155552842798897473e-04
6.594177940349206382e-04
5.877638862043737091e-04
6.612343719799204092e-04
6.690596308199194724e-04
9.576497801088502178e-04
9.982095807773798662e-04
9.282713298948882521e-04
1.007110812707878722e-03
1.220740379039862320e-03
1.022935225028765794e-03
7.446516312143281304e-04
1.031525620288702497e-03
1.164789778333918859e-03
1.150802128157417002e-03
1.209840911369973199e-03
8.099142899399793720e-04
8.392590105899843701e-04
9.977205020999481075e-04
9.887997070223430735e-04
1.291167708599870153e-03
1.017283649199885809e-03
1.091623608179868561e-03
1.031525620288684716e-03
1.368246508173835306e-03
1.464888454847823596e-03
1.751762443922188963e-03
1.518989448918908009e-03
1.953184606463794284e-03
2.201692469339806054e-03
2.557451094088643209e-03
2.270577105014268734e-03
2.981912696717279546e-03
3.455482847120952983e-03
3.533104366259591685e-03
3.668579159927104483e-03
3.981278281641450166e-03
4.667227225036188823e-03
4.534178550719620768e-03
5.188146610919466307e-03
4.425183874019500072e-03
5.306829703326216598e-03
5.566802191455107011e-03
5.883290437872789463e-03
5.709504481134386467e-03
4.928174122790690385e-03
5.868455051322015066e-03
5.498593517658112093e-03
5.936576724259391008e-03
5.142934004288450718e-03
5.505539109469959405e-03
5.414209644075042988e-03
5.871987286214922809e-03
5.442467523219511431e-03
6.125500830539476471e-03
6.860795687969352755e-03
8.226125508757432814e-03
8.313662926219910973e-03
9.683268735821667569e-03
1.100846234669887284e-02
1.339635405540116030e-02
1.572248211397347245e-02
1.865150444513826583e-02
2.163496943504931297e-02
2.516556291390727174e-02
2.944491191050227843e-02
3.397264986668959569e-02
3.868221076082645898e-02
4.460152999460838957e-02
4.936674092837305822e-02
5.540239785059267869e-02
6.244991290921651089e-02
6.906338694418173718e-02
7.350600996647332908e-02
7.962469862971899293e-02
8.568403258315299142e-02
9.096346934415723562e-02
9.516891994994963744e-02
9.792168950468459199e-02
1.013214514603106714e-01
1.037290227634171530e-01
1.052947266363203072e-01
1.051085210452866181e-01
1.044672055139903577e-01
1.032924385306354803e-01
1.011566515091403551e-01
9.808875008618658797e-02
9.419410789310384002e-02
9.063303711883076430e-02
8.496013943567883031e-02
7.915343759438374371e-02
7.421084220913315432e-02
6.848014431864037077e-02
6.229243945543883054e-02
5.783867915890989614e-02
5.099416870405975438e-02
4.561386851495802253e-02
4.068407965621623906e-02
3.573390475609170697e-02
3.081675854587625704e-02
2.729771677951250280e-02
2.279845689373569129e-02
1.998268768189725639e-02
1.717029473613842019e-02
1.479057762818863919e-02
1.213110751670888263e-02
1.052888576921902353e-02
8.903443416693088489e-03
7.770482028119280772e-03
6.434319081189409338e-03
5.843022960091967533e-03
5.242643949269523186e-03
4.909499350486509935e-03
4.528946806237984200e-03
3.993944066206589830e-03
4.253517258217109215e-03
3.882632594446309027e-03
4.165211385890727619e-03
4.055440393829627330e-03
3.960771773297897154e-03
3.967406231879635863e-03
4.239892923629609740e-03
4.033750817697020347e-03
3.950451504392969888e-03
3.745453435690562771e-03
4.091740900115176799e-03
4.166950332299613168e-03
4.384101265109595358e-03
4.050060528377127933e-03
4.170862961719619746e-03
3.562449086909675287e-03
3.620604987834214090e-03
3.867634181669644174e-03
3.601184118167669122e-03
3.492021757349678731e-03
3.108366705888602338e-03
3.292477656929696222e-03
3.004899394559723113e-03
2.767473927482470928e-03
2.490528362594769413e-03
2.447349702209775275e-03
2.429273354289377806e-03
2.381533685894782291e-03
1.864282861468524212e-03
2.112819886799806052e-03
1.801765847909834236e-03
1.824752545752332230e-03
1.646947149308124409e-03
1.475061291339864076e-03
1.109230440569897733e-03
1.560605598204401661e-03
9.264547519499147189e-04
9.537034211249122585e-04
9.704886013367112563e-04
7.847616722399284673e-04
8.443454288359227532e-04
7.477034821619317527e-04
6.539680601999398653e-04
7.690664387951293536e-04
2.147598814977580287e-04
5.255965520866183113e-04
5.722220526749473551e-04
6.455838542999404973e-04
8.216521781999242718e-05
4.840867020330589100e-04
4.916870971132879893e-04
6.775109103671375600e-04
3.662221137119650875e-05
4.472540181827173327e-04
2.985506361782333767e-04
4.933825698619545000e-04
3.269840300999701495e-04
1.475061291339865106e-04
2.441480758079771994e-05
3.580055919299670090e-04
1.403851435895871658e-04
3.998977103751357462e-04
2.563554795983765777e-04
1.995441004199815876e-04
3.956103080221858980e-04
4.904760451499548855e-05
1.281777397991881804e-04
2.486693364710882695e-04
9.607678909110230810e-05
2.825787914444184289e-04
2.230198769399794820e-04
-5.868944129999460052e-06
-1.186830924066557477e-04
3.630650265247940605e-04
1.831110568559831536e-04
3.051850947599719227e-04
-2.904180740457797854e-04
1.471428135449864047e-04
-9.765923032319097461e-05
4.468781744699589333e-04
-1.073799407488790144e-04
3.662221137119665105e-05
6.199072237311933746e-05
3.873503125799643092e-04
1.878062121599827488e-04
-1.159703360087893713e-04
-1.695472748666519491e-05
-5.651575828888368713e-05
3.367559666316931430e-04
1.525925473799859614e-04
1.017283649199906680e-04
2.953404142838438650e-05
-1.127857958895548752e-04
2.173287796017982145e-04
4.108260890999621359e-05
-5.282049716999514724e-05
3.662221137119659007e-05
-2.018159497606265818e-04
1.469409715510975472e-04
-2.833861594199738585e-04
1.471428135449864860e-04
8.945080363654349365e-05
4.988602510499541044e-04
1.052362395724041716e-04
-3.277913980755254165e-04
-1.017283649199906409e-04
1.349857149899875541e-04
9.809520902999100420e-05
-6.781890994666041372e-05
-6.675923947874384454e-05
1.683779833158465715e-04
2.397882887399779741e-04
-8.803416194999190078e-05
4.069134596799625636e-05
-8.719574135999197211e-05
-1.678518021179845575e-04
3.814813684499652422e-05
1.130315165777673743e-04
-2.543209122999763651e-05
1.999488551875678189e-04
-1.130315165777673743e-04
-5.595060070599487282e-05
1.881974751019826586e-04
-4.922340238064062045e-05
-6.455838542999406057e-05
-1.894252312303273760e-04
3.306171859899696371e-04
-4.486353817181397596e-20
1.387204976181690287e-04
-4.182166113377394460e-04
5.449733834999501137e-05
1.315452994655051569e-04
-2.861110263374733387e-05
-4.577776421399576808e-05
7.629627368999295357e-05
3.051850947599718549e-05
-3.334429739044137493e-04
-9.997442759378390945e-05
3.269840300999699869e-04
1.130315165777673743e-04
8.323229857090143347e-05
-1.743914827199839442e-04
1.387204976181691100e-04
-1.673595680941781529e-04
-1.049073763237403484e-04
-1.068147831659902001e-04
9.664194667399110886e-05
1.181361657135375189e-04
1.631161713372263772e-04
-7.180825759058161054e-05
3.937872190451254922e-05
1.478240302743613730e-04
-6.891276333289691200e-05
-1.968936095225625360e-04
-3.937872190451248823e-05
2.384258552812277597e-05
5.722220526749477617e-05
-9.060182500686671876e-05
-4.291665395062101097e-05
1.907406842249824788e-04
-8.418899165792325865e-05
-6.675923947874388520e-05
-4.238681871666277382e-05
6.358022807499417767e-05
2.899258400219733808e-04
-6.011221563453995127e-05
-2.431943723868526530e-04
-4.430106214257656112e-05
5.834420929234760176e-05
4.359787067999604704e-06
6.473623222181222603e-05
9.710434833271832549e-05
-4.291665395062103130e-05
4.959257789849545099e-05
-3.560492772199671754e-05
7.847616722399277625e-05
-1.177142508359891915e-04
-1.301524668829292326e-04
9.873635418704979072e-05
1.606237340841957506e-05
-2.119340935833137675e-05
6.840355572206264850e-05
-5.773772063026488583e-05
6.011221563453989706e-05
6.598596643458852419e-05
6.598596643458852419e-05
1.109763980945352446e-04
-2.185785138145745533e-04
1.102057286633231943e-04
-6.539680601999393504e-05
-3.051850947599719227e-05
-1.077123863858724632e-04
4.015593352104881906e-06
1.869258705404828569e-04
-1.653085929949847915e-04
-2.474473741297073554e-05
-3.130103535999713383e-05
2.233061668975406345e-05
9.591531549599119507e-05
5.773772063026498069e-05
1.491245349395317621e-04
-2.833861594199739127e-04
7.266311779999352185e-06
1.787512697879835354e-04
-2.189371331973712044e-04
2.310687146039787647e-04
-1.171059084544078346e-04
-2.062061451080890280e-05
7.443538896584685107e-05
-6.781890994666025786e-06
-4.948947482594138976e-05
-9.537034211249110726e-06
1.195995641626916789e-04
3.193797503302035610e-05
4.545309921957028362e-05
1.998235739499816315e-04
-2.288888210699789420e-04
-1.699326095822571204e-04
2.305842938186454798e-04
-1.695472748666512715e-05
4.768517105624557904e-05
2.017120320903264035e-20
3.390945497333026022e-06
-3.317229290869258763e-05
-1.316484722493996577e-04
6.387595006604063089e-05
1.720724470455160316e-04
-1.678518021179845846e-04
4.359787067999602671e-05
-5.722220526749475584e-05
-8.078428978940433726e-05
1.408546591199870684e-04
-9.460737937559129604e-05
-6.358022807499416412e-05
1.281777397991882075e-04
2.825787914444182324e-05
-1.338531117368295945e-05
-3.291211806234990088e-05
6.424949363367828668e-05
3.814813684499650389e-05
4.716496919017746541e-05
8.174600752499240185e-06
-2.501517170163702929e-05
-5.787993176482225302e-05
-8.614095416612109935e-05
1.215971861934262994e-04
-9.505765246622074926e-05
4.225639773599612593e-05
1.990337574521557019e-05
-2.360415967284157433e-04
1.594250495014778806e-04
3.487829654399675632e-05
4.598679510081766071e-05
4.180617736437972667e-05
-7.522167828590856314e-05
2.972582091817908386e-05
-2.724866917499750907e-05
7.912206160443716063e-05
-7.717324235309637351e-05
-4.667536743387805837e-05
2.248732277178740644e-05
4.101950198386718145e-05
-1.233071089939280496e-05
4.318657001320357883e-05
-6.211732017238369723e-05
4.466123337950807947e-05
2.308122565411552203e-05
-3.230061221912111462e-05
8.418899165792322476e-06
-6.199072237311932390e-05
5.761147196999469707e-05
-9.209329952007962411e-05
5.679833708032811461e-05
