-3.616969627578910007e+01
-3.603969627578910462e+01
-3.590969627578910206e+01
-3.577969627578909950e+01
-3.564969627578910405e+01
-3.551969627578910149e+01
-3.538969627578910604e+01
-3.525969627578910348e+01
-3.512969627578910092e+01
-3.499969627578910547e+01
-3.486969627578910291e+01
-3.473969627578910035e+01
-3.460969627578910490e+01
-3.447969627578910234e+01
-3.434969627578909979e+01
-3.421969627578910433e+01
-3.408969627578910178e+01
-3.395969627578909922e+01
-3.382969627578910377e+01
-3.369969627578910121e+01
-3.356969627578909865e+01
-3.343969627578910320e+01
-3.330969627578910064e+01
-3.317969627578910519e+01
-3.304969627578910263e+01
-3.291969627578910007e+01
-3.278969627578910462e+01
-3.265969627578910206e+01
-3.252969627578909950e+01
-3.239969627578910405e+01
-3.226969627578910149e+01
-3.213969627578910604e+01
-3.200969627578910348e+01
-3.187969627578910092e+01
-3.174969627578910192e+01
-3.161969627578910291e+01
-3.148969627578910035e+01
-3.135969627578910135e+01
-3.122969627578910234e+01
-3.109969627578910334e+01
-3.096969627578910433e+01
-3.083969627578910178e+01
-3.070969627578910277e+01
-3.057969627578910377e+01
-3.044969627578910121e+01
-3.031969627578910220e+01
-3.018969627578910320e+01
-3.005969627578910064e+01
-2.992969627578910163e+01
-2.979969627578910263e+01
-2.966969627578910007e+01
-2.953969627578910107e+01
-2.940969627578910206e+01
-2.927969627578910305e+01
-2.914969627578910405e+01
-2.901969627578910149e+01
-2.888969627578910249e+01
-2.875969627578910348e+01
-2.862969627578910092e+01
-2.849969627578910192e+01
-2.836969627578910291e+01
-2.823969627578910035e+01
-2.810969627578910135e+01
-2.797969627578910234e+01
-2.784969627578909979e+01
-2.771969627578910433e+01
-2.758969627578910178e+01
-2.745969627578909922e+01
-2.732969627578910377e+01
-2.719969627578910121e+01
-2.706969627578910220e+01
-2.693969627578910320e+01
-2.680969627578910064e+01
-2.667969627578910163e+01
-2.654969627578910263e+01
-2.641969627578910007e+01
-2.628969627578910107e+01
-2.615969627578910206e+01
-2.602969627578909950e+01
-2.589969627578910405e+01
-2.576969627578910149e+01
-2.563969627578910249e+01
-2.550969627578910348e+01
-2.537969627578910092e+01
-2.524969627578910192e+01
-2.511969627578910291e+01
-2.498969627578910035e+01
-2.485969627578910135e+01
-2.472969627578910234e+01
-2.459969627578909979e+01
-2.446969627578910078e+01
-2.433969627578910178e+01
-2.420969627578909922e+01
-2.407969627578910377e+01
-2.394969627578910121e+01
-2.381969627578910220e+01
-2.368969627578910320e+01
-2.355969627578910064e+01
-2.342969627578910163e+01
-2.329969627578910263e+01
-2.316969627578910007e+01
-2.303969627578910107e+01
-2.290969627578910206e+01
-2.277969627578909950e+01
-2.264969627578910405e+01
-2.251969627578910149e+01
-2.238969627578909893e+01
-2.225969627578910348e+01
-2.212969627578910092e+01
-2.199969627578910192e+01
-2.186969627578910291e+01
-2.173969627578910035e+01
-2.160969627578910135e+01
-2.147969627578910234e+01
-2.134969627578909979e+01
-2.121969627578910078e+01
-2.108969627578910178e+01
-2.095969627578909922e+01
-2.082969627578910377e+01
-2.069969627578910121e+01
-2.056969627578909865e+01
-2.043969627578910320e+01
-2.030969627578910064e+01
-2.017969627578910163e+01
-2.004969627578910263e+01
-1.991969627578910007e+01
-1.978969627578910107e+01
-1.965969627578910206e+01
-1.952969627578909950e+01
-1.939969627578910050e+01
-1.926969627578910149e+01
-1.913969627578910249e+01
-1.900969627578909993e+01
-1.887969627578910092e+01
-1.874969627578910192e+01
-1.861969627578909936e+01
-1.848969627578910035e+01
-1.835969627578910135e+01
-1.822969627578910234e+01
-1.809969627578909979e+01
-1.796969627578910078e+01
-1.783969627578910178e+01
-1.770969627578909922e+01
-1.757969627578910021e+01
-1.744969627578910121e+01
-1.731969627578910220e+01
-1.718969627578909964e+01
-1.705969627578910064e+01
-1.692969627578910163e+01
-1.679969627578910263e+01
-1.666969627578910007e+01
-1.653969627578910107e+01
-1.640969627578910206e+01
-1.627969627578909950e+01
-1.614969627578910050e+01
-1.601969627578910149e+01
-1.588969627578910249e+01
-1.575969627578909993e+01
-1.562969627578910092e+01
-1.549969627578910192e+01
-1.536969627578909936e+01
-1.523969627578910035e+01
-1.510969627578910135e+01
-1.497969627578910234e+01
-1.484969627578909979e+01
-1.471969627578910078e+01
-1.458969627578910178e+01
-1.445969627578909922e+01
-1.432969627578910021e+01
-1.419969627578910121e+01
-1.406969627578910220e+01
-1.393969627578909964e+01
-1.380969627578910064e+01
-1.367969627578910163e+01
-1.354969627578909908e+01
-1.341969627578910007e+01
-1.328969627578910107e+01
-1.315969627578910206e+01
-1.302969627578909950e+01
-1.289969627578910050e+01
-1.276969627578910149e+01
-1.263969627578909893e+01
-1.250969627578909993e+01
-1.237969627578910092e+01
-1.224969627578910192e+01
-1.211969627578909936e+01
-1.198969627578910035e+01
-1.185969627578910135e+01
-1.172969627578909879e+01
-1.159969627578909979e+01
-1.146969627578910078e+01
-1.133969627578910178e+01
-1.120969627578909922e+01
-1.107969627578910021e+01
-1.094969627578910121e+01
-1.081969627578909865e+01
-1.068969627578909964e+01
-1.055969627578910064e+01
-1.042969627578910163e+01
-1.029969627578909908e+01
-1.016969627578910007e+01
-1.003969627578910107e+01
-9.909696275789102060e+00
-9.779696275789099502e+00
-9.649696275789100497e+00
-9.519696275789101492e+00
-9.389696275789098934e+00
-9.259696275789099928e+00
-9.129696275789100923e+00
-8.999696275789101918e+00
-8.869696275789099360e+00
-8.739696275789100355e+00
-8.609696275789101350e+00
-8.479696275789098792e+00
-8.349696275789099786e+00
-8.219696275789100781e+00
-8.089696275789101776e+00
-7.959696275789099218e+00
-7.829696275789100213e+00
-7.699696275789101207e+00
-7.569696275789098650e+00
-7.439696275789099644e+00
-7.309696275789100639e+00
-7.179696275789101634e+00
-7.049696275789099076e+00
-6.919696275789100071e+00
-6.789696275789101065e+00
-6.659696275789098507e+00
-6.529696275789099502e+00
-6.399696275789100497e+00
-6.269696275789101492e+00
-6.139696275789098934e+00
-6.009696275789099928e+00
-5.879696275789100923e+00
-5.749696275789098365e+00
-5.619696275789099360e+00
-5.489696275789100355e+00
-5.359696275789101350e+00
-5.229696275789098792e+00
-5.099696275789099786e+00
-4.969696275789100781e+00
-4.839696275789098223e+00
-4.709696275789099218e+00
-4.579696275789100213e+00
-4.449696275789101207e+00
-4.319696275789098650e+00
-4.189696275789103197e+00
-4.059696275789100639e+00
-3.929696275789098081e+00
-3.799696275789102629e+00
-3.669696275789100071e+00
-3.539696275789097513e+00
-3.409696275789102060e+00
-3.279696275789099502e+00
-3.149696275789096944e+00
-3.019696275789101492e+00
-2.889696275789098934e+00
-2.759696275789096376e+00
-2.629696275789100923e+00
-2.499696275789098365e+00
-2.369696275789102913e+00
-2.239696275789100355e+00
-2.109696275789097797e+00
-1.979696275789102344e+00
-1.849696275789099786e+00
-1.719696275789097228e+00
-1.589696275789101776e+00
-1.459696275789099218e+00
-1.329696275789096660e+00
-1.199696275789101207e+00
-1.069696275789098650e+00
-9.396962757890960916e-01
-8.096962757891006390e-01
-6.796962757890980811e-01
-5.496962757891026286e-01
-4.196962757891000706e-01
-2.896962757890975126e-01
-1.596962757891020601e-01
-2.969627578909950216e-02
1.003037242109030558e-01
2.303037242108985083e-01
3.603037242109010663e-01
4.903037242109036242e-01
6.203037242108990768e-01
7.503037242109016347e-01
8.803037242109041927e-01
1.010303724210899645e+00
1.140303724210902203e+00
1.270303724210897656e+00
1.400303724210900214e+00
1.530303724210902772e+00
1.660303724210898224e+00
1.790303724210900782e+00
1.920303724210903340e+00
2.050303724210898793e+00
2.180303724210901350e+00
2.310303724210903908e+00
2.440303724210899361e+00
2.570303724210901919e+00
2.700303724210897371e+00
2.830303724210899929e+00
2.960303724210902487e+00
3.090303724210897940e+00
3.220303724210900498e+00
3.350303724210903056e+00
3.480303724210898508e+00
3.610303724210901066e+00
3.740303724210903624e+00
3.870303724210899077e+00
4.000303724210901635e+00
4.130303724210904193e+00
4.260303724210899645e+00
4.390303724210902203e+00
4.520303724210897656e+00
4.650303724210900214e+00
4.780303724210902772e+00
4.910303724210898224e+00
5.040303724210900782e+00
5.170303724210903340e+00
5.300303724210898793e+00
5.430303724210901350e+00
5.560303724210903908e+00
5.690303724210899361e+00
5.820303724210901919e+00
5.950303724210904477e+00
6.080303724210899929e+00
6.210303724210902487e+00
6.340303724210897940e+00
6.470303724210900498e+00
6.600303724210903056e+00
6.730303724210898508e+00
6.860303724210901066e+00
6.990303724210903624e+00
7.120303724210899077e+00
7.250303724210901635e+00
7.380303724210904193e+00
7.510303724210899645e+00
7.640303724210902203e+00
7.770303724210904761e+00
7.900303724210900214e+00
8.030303724210902772e+00
8.160303724210898224e+00
8.290303724210900782e+00
8.420303724210903340e+00
8.550303724210898793e+00
8.680303724210901350e+00
8.810303724210903908e+00
8.940303724210899361e+00
9.070303724210901919e+00
9.200303724210904477e+00
9.330303724210899929e+00
9.460303724210902487e+00
9.590303724210897940e+00
9.720303724210900498e+00
9.850303724210903056e+00
9.980303724210898508e+00
1.011030372421090107e+01
1.024030372421090362e+01
1.037030372421089908e+01
1.050030372421090163e+01
1.063030372421090419e+01
1.076030372421089965e+01
1.089030372421090220e+01
1.102030372421090476e+01
1.115030372421090021e+01
1.128030372421090277e+01
1.141030372421089822e+01
1.154030372421090078e+01
1.167030372421090334e+01
1.180030372421089879e+01
1.193030372421090135e+01
1.206030372421090391e+01
1.219030372421089936e+01
1.232030372421090192e+01
1.245030372421090448e+01
1.258030372421089993e+01
1.271030372421090249e+01
1.284030372421090505e+01
1.297030372421090050e+01
1.310030372421090306e+01
1.323030372421089851e+01
1.336030372421090107e+01
1.349030372421090362e+01
1.362030372421089908e+01
1.375030372421090163e+01
1.388030372421090419e+01
1.401030372421089965e+01
1.414030372421090220e+01
1.427030372421090476e+01
1.440030372421090021e+01
1.453030372421090277e+01
1.466030372421090533e+01
1.479030372421090078e+01
1.492030372421090334e+01
1.505030372421089879e+01
1.518030372421090135e+01
1.531030372421090391e+01
1.544030372421089936e+01
1.557030372421090192e+01
1.570030372421090448e+01
1.583030372421089993e+01
1.596030372421090249e+01
1.609030372421090505e+01
1.622030372421090050e+01
1.635030372421090306e+01
1.648030372421089851e+01
1.661030372421090107e+01
1.674030372421090362e+01
1.687030372421089908e+01
1.700030372421090163e+01
1.713030372421090419e+01
1.726030372421089965e+01
1.739030372421090220e+01
1.752030372421090476e+01
1.765030372421090021e+01
1.778030372421090277e+01
1.791030372421090533e+01
1.804030372421090078e+01
1.817030372421090334e+01
1.830030372421089879e+01
1.843030372421090135e+01
1.856030372421090391e+01
1.869030372421089936e+01
1.882030372421090192e+01
1.895030372421090448e+01
1.908030372421089993e+01
1.921030372421090249e+01
1.934030372421090505e+01
1.947030372421090050e+01
1.960030372421090306e+01
1.973030372421090561e+01
1.986030372421090107e+01
1.999030372421090362e+01
2.012030372421089908e+01
2.025030372421090163e+01
2.038030372421090419e+01
2.051030372421089965e+01
2.064030372421090220e+01
2.077030372421090476e+01
2.090030372421090021e+01
2.103030372421090277e+01
2.116030372421090533e+01
2.129030372421090078e+01
2.142030372421090334e+01
2.155030372421090590e+01
2.168030372421090135e+01
2.181030372421090391e+01
2.194030372421089936e+01
2.207030372421090192e+01
2.220030372421090448e+01
2.233030372421089993e+01
2.246030372421090249e+01
2.259030372421090505e+01
2.272030372421090050e+01
2.285030372421090306e+01
2.298030372421090561e+01
2.311030372421090107e+01
2.324030372421090362e+01
2.337030372421090618e+01
2.350030372421090163e+01
2.363030372421090419e+01
2.376030372421089965e+01
2.389030372421090220e+01
2.402030372421090476e+01
2.415030372421090021e+01
2.428030372421090277e+01
2.441030372421090533e+01
2.454030372421090078e+01
2.467030372421090334e+01
2.480030372421090590e+01
2.493030372421090135e+01
2.506030372421090391e+01
2.519030372421089936e+01
2.532030372421090192e+01
2.545030372421090448e+01
2.558030372421089993e+01
2.571030372421090249e+01
2.584030372421090505e+01
2.597030372421090050e+01
2.610030372421090306e+01
2.623030372421090561e+01
2.636030372421090107e+01
2.649030372421090362e+01
2.662030372421090618e+01
2.675030372421090163e+01
2.688030372421090419e+01
2.701030372421089965e+01
2.714030372421090220e+01
2.727030372421090476e+01
2.740030372421090021e+01
2.753030372421090277e+01
2.766030372421090533e+01
2.779030372421090078e+01
2.792030372421089623e+01
2.805030372421090590e+01
2.818030372421090135e+01
2.831030372421089680e+01
2.844030372421090647e+01
2.857030372421090192e+01
2.870030372421089737e+01
2.883030372421090703e+01
2.896030372421090249e+01
2.909030372421089794e+01
2.922030372421090760e+01
2.935030372421090306e+01
2.948030372421089851e+01
2.961030372421090817e+01
2.974030372421090362e+01
2.987030372421089908e+01
3.000030372421090874e+01
3.013030372421090419e+01
3.026030372421089965e+01
3.039030372421090931e+01
3.052030372421090476e+01
3.065030372421090021e+01
3.078030372421090988e+01
3.091030372421090533e+01
3.104030372421090078e+01
3.117030372421091045e+01
3.130030372421090590e+01
3.143030372421090135e+01
3.156030372421089680e+01
3.169030372421090647e+01
3.182030372421090192e+01
3.195030372421089737e+01
3.208030372421090703e+01
3.221030372421090249e+01
3.234030372421089794e+01
3.247030372421090760e+01
3.260030372421090306e+01
3.273030372421089851e+01
3.286030372421090817e+01
3.299030372421090362e+01
3.312030372421089908e+01
3.325030372421090874e+01
3.338030372421090419e+01
3.351030372421089965e+01
3.364030372421090931e+01
3.377030372421090476e+01
3.390030372421090021e+01
3.403030372421090988e+01
3.416030372421090533e+01
3.429030372421090078e+01
3.442030372421091045e+01
3.455030372421090590e+01
3.468030372421090135e+01
3.481030372421089680e+01
3.494030372421090647e+01
3.507030372421090192e+01
3.520030372421089737e+01
3.533030372421090703e+01
3.546030372421090249e+01
3.559030372421089794e+01
3.572030372421090760e+01
3.585030372421090306e+01
3.598030372421089851e+01
3.611030372421090817e+01
3.624030372421090362e+01
3.637030372421089908e+01
3.650030372421090874e+01
3.663030372421090419e+01
3.676030372421089965e+01
3.689030372421090931e+01
3.702030372421090476e+01
3.715030372421090021e+01
3.728030372421090988e+01
3.741030372421090533e+01
3.754030372421090078e+01
3.767030372421091045e+01
3.780030372421090590e+01
3.793030372421090135e+01
3.806030372421091101e+01
3.819030372421090647e+01
3.832030372421090192e+01
3.845030372421089737e+01
3.858030372421090703e+01
3.871030372421090249e+01
3.884030372421089794e+01
3.897030372421090760e+01
3.910030372421090306e+01
3.923030372421089851e+01
3.936030372421090817e+01
3.949030372421090362e+01
3.962030372421089908e+01
3.975030372421090874e+01
3.988030372421090419e+01
4.001030372421089965e+01
4.014030372421090931e+01
4.027030372421090476e+01
4.040030372421090021e+01
4.053030372421090988e+01
4.066030372421090533e+01
4.079030372421090078e+01
4.092030372421091045e+01
4.105030372421090590e+01
4.118030372421090135e+01
4.131030372421091101e+01
4.144030372421090647e+01
4.157030372421090192e+01
4.170030372421089737e+01
4.183030372421090703e+01
4.196030372421090249e+01
4.209030372421089794e+01
4.222030372421090760e+01
4.235030372421090306e+01
4.248030372421089851e+01
4.261030372421090817e+01
4.274030372421090362e+01
4.287030372421089908e+01
4.300030372421090874e+01
