2.646113538381184035e-06
2.536991007784535667e-05
-7.926885578180863155e-05
1.074376098899870594e-04
-3.680173201517203846e-05
1.567731651164194773e-05
6.460122443824039965e-05
-5.168457249967119322e-05
2.123026746156459263e-05
-7.832183847822262856e-05
8.603622352275560345e-05
-1.190221869563856617e-04
1.116914522059659357e-04
-1.413488859940882517e-04
9.118335148315975423e-05
3.018314123999636496e-05
-2.046973196560729011e-05
-5.979978208134415217e-05
3.624073000274563583e-05
0.000000000000000000e+00
6.061895717834886455e-05
-1.229217742783185279e-04
1.098666341135867751e-04
1.311006392982940600e-04
-9.598563464224650751e-05
-1.525925473799816245e-04
4.865269626608110073e-05
2.360415967284090755e-04
-2.920305648134130885e-04
-6.634458581738331686e-06
2.130537453984648975e-04
1.267691932079847322e-04
-1.094059773667792790e-04
-7.266311779999125180e-06
-1.581413672847082241e-04
4.087300376249507607e-05
-8.637314002640469109e-05
7.064469786110260145e-05
1.070824893894607889e-04
-1.373332926419834621e-04
-6.812167293749180248e-05
1.303394675537342953e-04
1.739555040131790628e-04
-3.023059900924164188e-04
-3.021930840270224531e-04
1.370218792799834874e-04
1.743914827199790111e-04
-3.390945497332924802e-06
6.881624685763876813e-05
-1.213804354158944679e-04
1.855046654423305971e-04
-1.589505701874808702e-05
-6.493299888509855816e-05
-1.127857958895516361e-04
-1.109763980945320869e-04
8.441289855062812696e-05
8.871659731394280970e-05
2.377604808013667110e-04
9.016832345180732483e-05
-7.467294871786334933e-05
-8.560069731072139252e-05
-2.068476753373084214e-04
-1.235273002599851272e-04
-2.233061668975340887e-04
-1.629965847013440056e-04
1.566081407320864141e-04
3.151367826325707699e-04
-5.548819904726604344e-05
2.268267596188915916e-04
1.525925473799816245e-04
-8.031186704209558830e-05
-3.547776726584572771e-04
-1.967640742531342015e-04
6.485183263649219043e-05
1.768686344631605317e-04
-1.179124229754453915e-04
-2.119340935833078043e-05
1.570805634793928456e-04
1.369420296999891901e-04
-6.826508698578124667e-05
-1.424197108879828586e-04
5.086418245999387711e-05
-2.034567298399755084e-04
4.488016099411224451e-06
4.417152687315257695e-05
3.974503559664637549e-04
-2.543209122999693923e-04
-6.103701895199264982e-05
-4.621374292079443564e-04
3.711710611945499166e-04
3.645266409632894424e-04
4.141797714599501005e-04
-1.849606634908868160e-04
-7.847616722399055364e-05
-1.119012014119865201e-04
1.859721671193526049e-04
1.897096534994366216e-04
-2.959370615854189164e-04
2.967077310166309328e-05
-1.822633204816447212e-04
5.086418245999387202e-06
1.046348896319873958e-04
3.051850947599632491e-04
-1.156004146818042668e-04
-2.119340935833078043e-05
-3.283051776963241079e-04
6.473623222181038288e-05
-5.722220526749310920e-05
3.130103535999623123e-04
-1.068147831659871372e-04
1.569523344479811073e-04
-1.177142508359858305e-04
1.307936120399842448e-05
2.779364255849665227e-04
-1.569523344479811073e-04
1.695472748666462435e-04
-1.279808461896620190e-04
-2.861110263375349350e-05
2.572274370119690475e-04
-1.525925473799816245e-04
2.559616923793311938e-04
-1.618405805545259572e-04
-2.054130445499752742e-04
4.757297065375897579e-04
-1.192129276406106442e-04
1.046348896319873958e-04
-1.144444105349862184e-04
7.398426539635472911e-05
1.892147587511772253e-04
-1.192129276406106442e-04
1.017283649199877542e-04
1.119012014119865201e-04
-3.334429739044043168e-04
-7.847616722399055364e-05
-8.945080363654094578e-05
2.219527961890709229e-04
1.578543593586016969e-05
-1.082914852374063103e-04
1.001388592181129411e-04
-3.699213269818409338e-05
-1.253438782049848981e-04
1.335184789574839215e-04
-1.476702071419176973e-05
2.104724791448022513e-05
2.362723314270683158e-04
-2.262579150806624210e-04
7.892717967930084168e-05
4.359787067999475277e-05
-2.630905989310027785e-04
2.765739921262166945e-04
-1.683779833158418010e-04
-9.664194667398835769e-05
1.271604561499846962e-04
1.430555131687327730e-05
1.373332926419834621e-04
2.594073305459687617e-04
5.261811978620821830e-05
2.288888210699809749e-04
2.872330303623183648e-04
-2.746665852839669242e-04
5.231744481598735533e-05
6.314174374343302159e-05
-6.103701895199264982e-05
1.525925473799816245e-04
2.473051629951426291e-04
1.173788825999858637e-05
1.132138254754702341e-04
3.345298154099597362e-04
2.543209122999767649e-04
6.042664876247361670e-04
1.287499618518594957e-04
-5.787993176482061317e-05
3.956103080220100946e-05
2.238024028239730403e-04
5.231744481599369520e-04
6.329764928354957671e-04
2.946614708027307751e-04
5.920590838343376154e-04
3.101074349980414979e-04
3.108366705888514735e-04
8.712542221373430424e-04
6.450503139244778694e-04
9.250923184911941100e-04
1.455078933944904110e-03
1.473104976629908058e-03
1.198941443699911040e-03
1.457521918077847502e-03
1.305514016473274808e-03
1.175527772408837841e-03
1.733015359529894430e-03
1.634920150499866469e-03
1.548531777115393646e-03
1.929205777589799433e-03
1.418545533050948439e-03
1.245155186620676771e-03
1.414415535329838214e-03
1.525925473799816245e-03
1.318835588069841276e-03
1.129184850611864022e-03
9.992350683269764656e-04
7.686143127287963471e-04
5.912961210974287951e-04
1.605047535404251170e-03
8.606219672231052095e-04
9.204776245179608404e-04
1.165807061983068459e-03
3.814813684499614881e-04
5.522396952799546455e-04
5.951109347819505619e-04
5.122749804899462411e-04
8.392590105899307021e-04
6.925354073399251189e-04
4.132714824874687549e-04
1.130315165777699303e-03
1.051193104173305361e-03
1.400581595594942424e-03
1.798412165549910253e-03
2.003606491685082196e-03
1.926480910672360601e-03
2.207142203174821630e-03
2.531905971341966589e-03
3.178134435086567462e-03
3.369243446150021071e-03
3.595080416272384682e-03
3.980122277494595011e-03
4.582698761637656222e-03
5.100112448969607547e-03
4.991047903887112051e-03
5.442467523219529646e-03
5.693280560867015373e-03
5.957213049714606828e-03
6.043754823014446664e-03
6.746770487729385549e-03
6.401257362590451194e-03
6.370738853114399358e-03
6.403018045829340227e-03
6.831059704377354623e-03
7.263405255287338699e-03
7.605212561418506385e-03
7.686849574266824137e-03
7.653103145519300245e-03
7.655059460229315244e-03
7.960244554989262880e-03
7.940916165654456418e-03
8.628414951850153433e-03
8.703224934494204965e-03
9.161204418628008175e-03
9.421176906756922875e-03
9.940314515039098617e-03
1.056844680002122158e-02
1.112230123125228926e-02
1.207741754633449675e-02
1.286228013957129400e-02
1.410209458703368980e-02
1.597135329243848378e-02
1.736033673653830656e-02
2.055094629178299409e-02
2.354569350658988064e-02
2.719199194311342632e-02
3.133869441816460738e-02
3.668437870531439382e-02
4.276951113707606889e-02
4.914173628123640752e-02
5.628317420669482624e-02
6.377781586070413455e-02
7.305913179200326790e-02
8.123009938861251722e-02
9.100328873271168462e-02
9.895909276383545172e-02
1.090019430117700611e-01
1.187170018616291872e-01
1.259106505238284657e-01
1.340499219673283726e-01
1.421308023316141256e-01
1.482927073841713850e-01
1.540294605344808276e-01
1.576980396944079876e-01
1.604941875508364979e-01
1.617481002227850462e-01
1.621178437029750508e-01
1.619430795888817665e-01
1.579480535589996848e-01
1.554709977055629966e-01
1.492404336778644092e-01
1.435768710389518088e-01
1.362518758931639817e-01
1.297100232957955346e-01
1.207798270391733375e-01
1.113707606520497467e-01
1.030593110276938618e-01
9.410530067130877530e-02
8.525563611473216397e-02
7.526495854218341608e-02
6.627399517807551488e-02
5.860941024367643387e-02
5.106128116702780134e-02
4.389929733762838043e-02
3.657861350051664490e-02
3.020569475386822994e-02
2.625156972518646881e-02
2.094332712790307124e-02
1.757074925201393065e-02
1.371945721443691008e-02
1.178014465773491448e-02
9.231849116489155432e-03
7.598056497127586226e-03
6.595388992312733491e-03
5.596876648544489574e-03
5.088629732193446394e-03
5.109024549315084943e-03
4.577776421399577973e-03
4.610948714308271516e-03
5.722220526749473117e-03
5.527241160652824822e-03
5.951109347819452493e-03
6.634458581738518664e-03
6.858633445395159386e-03
6.654125012534388775e-03
6.884271464489366207e-03
7.596928965989297421e-03
7.027288366183559627e-03
7.601369489854852175e-03
7.586029498319300964e-03
6.892096723329366355e-03
6.885738700521869433e-03
6.518753624073003738e-03
6.199778684290543039e-03
5.933502515429455414e-03
5.380545909789940899e-03
4.984689881079541404e-03
4.583226155234577937e-03
4.301936047289602917e-03
3.564561906796470756e-03
3.495095966179676775e-03
3.137302774132510932e-03
2.757565320509744629e-03
2.599942249589760369e-03
2.268080136057065363e-03
1.907406842249826035e-03
1.584614915099855515e-03
1.751988506955395961e-03
1.373332926419874736e-03
1.141126876059025790e-03
1.286863816237881607e-03
1.303394675537379978e-03
1.008200759474907121e-03
9.384441663869133371e-04
1.226190112874887004e-03
6.767147753373290884e-04
5.735375056696024850e-04
9.502354086844581405e-04
7.141331217383342991e-04
6.767147753373289800e-04
7.570937927699304551e-04
6.573217425599395258e-04
6.216733411777206194e-04
4.909499350486506682e-04
6.690596308199383375e-04
1.079047299329900789e-03
1.148077261239894686e-03
9.859826138399092887e-04
1.379201870549872895e-03
9.409873755099131031e-04
7.920279840199265751e-04
1.367463982289873975e-03
1.172553258814628590e-03
1.068147831659901946e-03
1.391644032105472618e-03
1.385540330210273396e-03
1.208024333424889511e-03
1.341542812382377119e-03
1.215088803210999683e-03
1.194431319146786828e-03
1.257071937939884627e-03
1.226844080935087129e-03
9.494647392532459818e-04
1.138575161219895250e-03
7.084653985499346192e-04
7.120985544399342695e-04
6.386280686643855094e-04
5.687540402344930203e-04
4.233212604735095094e-04
5.904668137747283701e-04
6.162391336499436307e-04
5.764607345466137402e-04
2.769272156155301503e-04
3.112887966551715238e-04
-6.634458581738576479e-06
2.411946716651390836e-04
4.497464554357483049e-04
5.544195888139491013e-04
2.807702871791742231e-04
2.441480758079775924e-04
1.525925473799859614e-04
-2.441480758079774840e-04
4.359787067999592507e-05
4.929913069199545360e-04
2.225307982624795541e-04
3.560492772199671889e-04
2.797530035299743167e-04
1.716666158024842336e-04
-2.848394217759737403e-04
1.525925473799858800e-04
2.461170119032032107e-04
1.701993797699843144e-04
1.471428135449864318e-04
2.098147526474806698e-04
-6.840355572206264850e-05
2.358248459508873677e-04
2.406267093299778621e-04
5.595060070599487282e-05
5.868944129999418547e-06
1.356378198933208274e-04
-2.825787914444180291e-05
8.545182653279213836e-05
1.104980515510243524e-04
4.776810178851734678e-04
7.366536770068281574e-05
1.907406842249821806e-05
1.349857149899875812e-04
4.291665395062101775e-05
-4.272591326639601497e-05
2.016401518949814838e-04
-1.647999511703849196e-04
-1.173788825999892146e-04
2.319406720175787426e-04
1.476702071419218343e-04
2.746665852839747304e-04
1.942086966654365968e-04
-1.198941443699889735e-04
-6.455838542999404702e-05
-1.525925473799859071e-04
5.821123103755020730e-04
1.798412165549834467e-04
1.525925473799859614e-04
-2.034567298399812005e-04
-1.037629322183904537e-04
-3.215342962649704573e-04
1.262834874868849625e-04
3.407900224819687012e-04
1.210216755082646733e-04
-5.086418245999582867e-06
-9.446205313999127262e-05
7.042732955999353418e-05
-9.060182500686666455e-05
7.324442274239327500e-05
-4.768517105624574845e-06
3.157087187172122030e-05
1.144444105349895117e-04
-3.814813684499645646e-05
-1.127857958895549158e-04
8.646911018199204477e-05
-8.945080363654349365e-05
-2.347577651999784698e-05
3.051850947599718685e-04
-1.578543593586064064e-05
1.582441232088743213e-04
-6.612343719799388948e-05
-3.390945497333021363e-05
-1.760683238999839710e-05
5.449733834999529597e-06
7.892717967930311851e-05
-2.644937487919757748e-04
-6.675923947874389875e-05
-3.560492772199675142e-05
4.768517105624558582e-05
5.493331705679497997e-05
1.408546591199870684e-04
-1.737859567383173449e-04
-2.797530035299743167e-04
-2.104724791448082144e-05
6.399042309483277135e-05
1.789016072730870144e-04
5.660691273773674334e-04
5.548819904726762231e-05
-9.471261561516363379e-05
1.849606634908917356e-05
-1.471428135449864318e-04
8.945080363654349365e-05
-3.683268385034140787e-05
-9.471261561516375576e-05
8.646911018199201766e-05
1.881974751019827128e-04
7.120985544399347574e-05
-1.373332926419873652e-04
-7.398426539635680264e-05
-8.174600752499251027e-05
-1.430555131687369743e-05
1.340964810308967810e-04
-1.575148876180500071e-04
-3.236811611090615367e-05
8.785631515817376243e-05
2.608840326173952396e-04
8.174600752499248317e-05
-4.488016099411358282e-06
-4.768517105624561292e-05
-2.861110263374736775e-04
-2.710505431213761085e-20
-3.560492772199670399e-05
-1.387204976181691913e-05
3.285461128743952922e-20
-1.849606634908927181e-05
2.034567298399813089e-04
7.629627368999298068e-05
1.613121215159851708e-04
-1.329031864277296969e-04
-3.139046688959712134e-04
-1.430555131687367710e-05
-6.473623222181225313e-05
-1.307936120399874635e-05
3.937872190451250856e-05
5.245368816187017422e-05
2.288888210699789420e-04
-6.975659308799358040e-05
-1.017283649199906545e-04
2.774409952363381116e-05
2.513289015670356437e-04
1.177142508359891644e-04
-4.488016099411352522e-05
5.414574261870477466e-05
-1.488707779316936750e-04
5.086418245999527302e-05
2.116606302367547818e-04
-5.231744481599520224e-05
5.621830692946851101e-05
-1.220740379039887691e-04
1.483538655083196575e-04
5.548819904726763586e-05
9.591531549599118152e-05
-3.163504031048489443e-04
1.449629200109866633e-04
-1.865020023533161750e-04
8.477363743332553409e-05
-1.198941443699889464e-04
-1.294724644436245063e-04
1.773372847929566732e-04
7.228068033788813689e-05
6.742461395859844899e-05
-1.566081407320909136e-04
1.325145806194614985e-04
3.193797503302031544e-05
1.204678005631465504e-05
-1.525925473799859071e-04
-3.299298321729428243e-05
1.085102559146566701e-04
9.016832345180988625e-05
-1.056409943399903080e-04
8.011108737449262971e-05
1.419465557023123681e-05
-1.242032362395234437e-04
-1.173788825999894213e-05
8.441289855063056641e-05
7.976428613044719352e-05
-5.548819904726761553e-05
-9.090619843914059435e-05
1.344267679299876287e-04
-5.764607345466136318e-05
-1.712773490999842517e-04
-2.712756397866417091e-05
2.513289015670356437e-04
1.075083856540810182e-04
-1.678518021179845304e-04
-3.980675149043107940e-05
-2.393608586352722158e-05
7.473920687999312089e-05
-2.992010732940903375e-05
8.116624860637553212e-05
-1.727462800528141866e-05
1.183370775599890731e-04
-8.447087444249224797e-05
-2.083475166149808047e-04
1.653085929949847644e-04
3.167015134301595961e-05
-9.325100117665810105e-05
1.365301739715663694e-04
-1.349857149899875812e-04
9.569363140778780995e-05
6.832502121491908394e-05
-1.204678005631468316e-04
-2.206722992879797251e-04
1.678518021179845575e-04
5.868944129999462085e-05
-1.702844369312887416e-04
8.719574135999197211e-05
8.882252757939482809e-05
4.026747778082964224e-05
-3.538377910260543855e-05
3.669947342050294321e-05
-1.593245715291029827e-04
3.170754231272437013e-05
1.368071114441253512e-04
-3.963442789090531019e-06
-9.758825704533987571e-05
-3.856734713999643435e-05
7.219432349160623068e-05
5.261811978620220606e-06
-6.194350933246955135e-05
3.740013416176123714e-05
-4.051129576459820925e-06
7.629627368999299423e-05
-3.130103535999709995e-05
-7.375306456699320110e-05
4.389648623259869369e-05
2.108186509855067384e-05
-7.441241508036350479e-05
9.255613529605704497e-05
-4.220644927531526288e-05
-3.976002995112309631e-05
1.763913850447544144e-05
2.746665852839747304e-05
