1.008064516129032251e+00 1.387695145575506439e+00
7.056451612903225978e+00 4.915301347934462051e+00
1.310483870967741815e+01 3.379818357398320483e+00
1.915322580645161210e+01 8.079011434555078974e-01
2.520161290322580427e+01 4.893215120957067121e+00
3.125000000000000000e+01 5.199535067653535680e-01
3.729838709677419217e+01 6.420403146583816278e-01
4.334677419354838435e+01 2.394303031143249161e+00
4.939516129032257652e+01 2.238782889784331598e+00
5.546370967741935232e+01 1.680862358634815035e+00
6.151209677419354449e+01 2.934993298195457179e+00
6.756048387096774377e+01 1.291328537089756479e+00
7.360887096774193594e+01 5.771344707768147231e+00
7.965725806451612812e+01 8.419341002392077833e-01
8.570564516129032029e+01 3.445609663374932907e+00
9.175403225806451246e+01 6.016745012434397744e+00
9.780241935483870463e+01 6.039321340738016630e+00
1.038508064516128968e+02 3.748410570882579229e+00
1.098991935483870890e+02 5.034119922009880455e+00
1.159677419354838719e+02 1.120564832126974553e+00
1.220161290322580641e+02 6.282159497476721421e-01
1.280645161290322562e+02 3.837798084695402512e+00
1.341129032258064342e+02 5.236826791610947218e+00
1.401612903225806406e+02 1.851920707045645820e+00
1.462096774193548470e+02 4.353562720404787534e+00
1.522580645161290249e+02 1.597291618946561353e+00
1.583064516129032313e+02 4.730534448261831670e+00
1.643548387096774093e+02 2.517697026093858703e+00
1.704233870967741780e+02 2.369026628956866887e+00
1.764717741935483843e+02 3.367844150870780595e+00
1.825201612903225623e+02 1.116604074127293567e+00
1.885685483870967687e+02 1.756685806048458476e+00
1.946169354838709751e+02 6.017125637087596957e+00
2.006653225806451530e+02 1.257933176362105332e+00
2.067137096774193594e+02 3.312972209385438571e+00
2.127620967741935374e+02 1.129739599011048590e+00
2.188104838709677438e+02 1.685849682496024238e-01
2.248588709677419217e+02 1.670735660308146076e-01
2.309274193548386904e+02 5.255861971314355507e+00
2.369758064516128968e+02 5.016371673542280085e+00
2.430241935483871032e+02 3.653268733676911517e-01
2.490725806451612812e+02 3.779340868368299411e-01
2.551209677419354875e+02 2.246280698163921841e+00
2.611693548387096939e+02 4.925721687389616466e-01
2.672177419354838435e+02 5.683720078801544950e+00
2.732661290322580498e+02 1.124581231442457696e+00
2.793145161290322562e+02 4.649367415446063134e+00
2.853830645161290249e+02 1.024756387873410501e+00
2.914314516129032313e+02 1.304962622999930710e+00
2.974798387096774377e+02 5.076456653536980390e+00
3.035282258064515872e+02 2.037189766508574085e+00
3.095766129032257936e+02 4.635028847845353295e-01
3.156250000000000000e+02 4.412364306639857126e-01
3.216733870967742064e+02 5.845735522260592232e-01
3.277217741935483559e+02 1.537374821906677180e+00
3.337701612903225623e+02 2.419659394249464857e+00
3.398185483870967687e+02 9.152224734314851062e-01
3.458870967741935374e+02 1.751713312077950890e+00
3.519354838709677438e+02 4.652150055716770538e+00
3.579838709677419502e+02 5.157221127141391470e+00
3.640322580645160997e+02 4.129883464217109189e-03
3.700806451612903061e+02 1.938771871782362100e+00
3.761290322580645125e+02 4.708603577981572030e+00
3.821774193548387188e+02 4.106675523287838248e-01
3.882258064516128684e+02 3.430450722602237601e+00
3.942741935483870748e+02 5.026546203303625227e+00
4.003427419354838435e+02 3.041417323474265633e+00
4.063911290322580498e+02 2.656190103979392703e+00
4.124395161290322562e+02 2.923300266282989224e+00
4.184879032258064626e+02 6.146861041020915906e+00
4.245362903225806122e+02 4.606894438764468802e+00
4.305846774193548185e+02 4.501486804929421659e+00
4.366330645161290249e+02 5.634361309688376451e+00
4.426814516129032313e+02 4.363623160408665491e+00
4.487298387096773808e+02 1.435380608789542434e+00
4.547782258064515872e+02 2.129981990837609196e+00
4.608467741935483559e+02 2.048179007551341080e+00
4.668951612903225623e+02 3.370660485633909520e+00
4.729435483870967687e+02 2.802012362174502780e+00
4.789919354838709751e+02 3.051045543198653842e+00
4.850403225806451246e+02 1.454145391229239026e+00
4.910887096774193310e+02 4.880159936788627029e+00
4.971370967741935374e+02 3.310203488646009884e+00
5.031854838709677438e+02 1.361347719329747186e+00
5.092338709677418933e+02 2.799643285201668164e+00
5.153024193548386620e+02 4.757874181203271213e+00
5.213508064516129252e+02 5.117526195607442929e+00
5.273991935483870748e+02 1.785272699241878258e-01
5.334475806451612243e+02 3.649885756557171845e+00
5.394959677419354875e+02 3.248759320682631291e+00
5.455443548387096371e+02 5.247888489109810983e+00
5.515927419354839003e+02 4.293035747270017022e-01
5.576411290322580498e+02 4.501344086051805582e-01
5.636895161290321994e+02 3.564647161800523545e+00
5.697379032258064626e+02 4.767234759236725239e+00
5.758064516129031745e+02 5.136509726285380495e+00
5.818548387096774377e+02 1.873858782784116883e+00
5.879032258064515872e+02 4.058333753579211667e+00
5.939516129032257368e+02 2.706363144479777105e+00
6.000000000000000000e+02 5.119867758874129038e+00
