1.000000000000000000e+00 4.374073302025716786e-02
7.060000000000000497e+00 1.200986967772708303e+00
1.309999999999999964e+01 7.910949052822876526e-01
1.916000000000000014e+01 4.085689822958112671e+00
2.519999999999999929e+01 4.229196311579937806e+00
3.126000000000000156e+01 4.785741103808964780e-01
3.730000000000000426e+01 3.968365903221272362e+00
4.335999999999999943e+01 4.421209996429221079e+00
4.939999999999999858e+01 4.633298452124065214e+00
5.546000000000000085e+01 7.992305486999122799e-01
6.150000000000000000e+01 2.907320073816174411e+00
6.756000000000000227e+01 2.876137237704576410e+00
7.360000000000000853e+01 3.858344471060422443e+00
7.965999999999999659e+01 3.924347321512351439e+00
8.570000000000000284e+01 6.394291639246563533e-03
9.176000000000000512e+01 4.449055678131214719e+00
9.779999999999999716e+01 1.233041983215801718e+00
1.038599999999999994e+02 2.488522223559180180e+00
1.099000000000000057e+02 2.912586853942146004e+00
1.159600000000000080e+02 2.318912886770037041e+00
1.220199999999999960e+02 4.556982790247099402e+00
1.280600000000000023e+02 5.944105174247304113e+00
1.341200000000000045e+02 5.385222725953271450e+00
1.401599999999999966e+02 1.635819609873478742e+00
1.462199999999999989e+02 9.611995569009335050e-01
1.522599999999999909e+02 2.142588890722253669e+00
1.583199999999999932e+02 2.786402853291329418e+00
1.643600000000000136e+02 2.780856035759132983e+00
1.704200000000000159e+02 1.035462678863846353e+00
1.764600000000000080e+02 4.644422014656349518e+00
1.825200000000000102e+02 4.627357134396771876e+00
1.885600000000000023e+02 3.794732690313947110e+00
1.946200000000000045e+02 4.105937514041849923e+00
2.006599999999999966e+02 1.804595374276950048e+00
2.067199999999999989e+02 4.436646329585957060e-01
2.127599999999999909e+02 4.634662065808534237e+00
2.188199999999999932e+02 6.386175288006900042e-01
2.248600000000000136e+02 5.494217174138154469e+00
2.309200000000000159e+02 3.867007826026239492e+00
2.369600000000000080e+02 5.610698004004984085e+00
2.430200000000000102e+02 1.103614794342477889e+00
2.490800000000000125e+02 3.626994780444615873e+00
2.551200000000000045e+02 7.733233416689381245e-01
2.611800000000000068e+02 6.199691899933879036e+00
2.672200000000000273e+02 4.865835821984698661e+00
2.732800000000000296e+02 3.501533531347071460e+00
2.793199999999999932e+02 6.501794863418455250e-01
2.853799999999999955e+02 2.018841171853267280e+00
2.914200000000000159e+02 3.838949347058707162e-01
2.974800000000000182e+02 5.661824552548474720e+00
3.035199999999999818e+02 5.179909623439663768e+00
3.095799999999999841e+02 1.847952846769599089e-01
3.156200000000000045e+02 5.394570323745308649e+00
3.216800000000000068e+02 3.478003274494493535e+00
3.277200000000000273e+02 3.022786893063040825e+00
3.337800000000000296e+02 1.176968153738550349e+00
3.398199999999999932e+02 3.563088772521641467e-01
3.458799999999999955e+02 4.381553951703893723e+00
3.519200000000000159e+02 2.395287810056977218e+00
3.579800000000000182e+02 1.060529257175329532e+00
3.640400000000000205e+02 4.654089195476754703e+00
3.700799999999999841e+02 2.517874310674109717e-01
3.761399999999999864e+02 3.946920318863596400e+00
3.821800000000000068e+02 3.797402195474839370e+00
3.882400000000000091e+02 2.453397068957236637e+00
3.942800000000000296e+02 1.405723964645331669e+00
4.003400000000000318e+02 5.889846722082465291e+00
4.063799999999999955e+02 8.099558607316675873e-01
4.124399999999999977e+02 4.711795666961180906e+00
4.184800000000000182e+02 3.328337105093536419e+00
4.245400000000000205e+02 2.163626345558929742e+00
4.305799999999999841e+02 5.484596244545977051e+00
4.366399999999999864e+02 5.526035349792706164e+00
4.426800000000000068e+02 6.094612635514151666e-01
4.487400000000000091e+02 2.724703021857211915e+00
4.547800000000000296e+02 5.913166146421511726e+00
4.608400000000000318e+02 1.850087907222050188e+00
4.668799999999999955e+02 2.768579786045616942e+00
4.729399999999999977e+02 4.351676300493598326e+00
4.789800000000000182e+02 2.958629901497009662e+00
4.850400000000000205e+02 5.521949038567950829e+00
4.911000000000000227e+02 4.299711576928110901e+00
4.971399999999999864e+02 3.525388089698988203e+00
5.031999999999999886e+02 5.059042349727494781e+00
5.092400000000000091e+02 3.633925045276564791e+00
5.152999999999999545e+02 5.460404361964311448e+00
5.213400000000000318e+02 1.364918407763098029e+00
5.273999999999999773e+02 5.867325453152057335e+00
5.334400000000000546e+02 7.870851339322406659e-01
5.395000000000000000e+02 5.626646789503333856e+00
5.455399999999999636e+02 3.090092606193018288e+00
5.516000000000000227e+02 6.876207790747840276e-01
5.576399999999999864e+02 1.616546672267600737e+00
5.637000000000000455e+02 3.706136934809418637e+00
5.697400000000000091e+02 7.280696459890331207e-01
5.758000000000000682e+02 5.130279656325030579e+00
5.818400000000000318e+02 3.744728268723830578e+00
5.878999999999999773e+02 2.043658252708589806e+00
5.939400000000000546e+02 2.960954504972448831e+00
6.000000000000000000e+02 5.872445114064162475e+00
