1.008064516129032251e+00 4.684962167526804500e+00
3.004032258064516014e+00 4.022783100600902273e+00
5.020161290322580072e+00 3.488807125246654373e+00
7.036290322580645018e+00 3.507749324335315944e+00
9.032258064516128115e+00 4.635893885117534197e+00
1.104838709677419395e+01 2.060214204829250717e-01
1.306451612903225801e+01 3.757865909892378120e+00
1.508064516129032206e+01 3.249889204379591057e+00
1.707661290322580427e+01 5.915643169271088908e+00
1.909274193548387188e+01 2.880853278457431887e+00
2.110887096774193594e+01 3.667593419644878505e+00
2.310483870967741993e+01 6.144062076291164409e+00
2.512096774193548399e+01 3.412591403044726412e+00
2.713709677419354804e+01 3.672938697173411704e+00
2.913306451612903203e+01 2.684318197144055063e+00
3.114919354838709609e+01 2.332361194597059484e+00
3.316532258064516014e+01 5.167099822441817203e+00
3.518145161290322420e+01 5.870599360006272249e+00
3.717741935483871174e+01 5.994108550482144082e+00
3.919354838709677580e+01 3.745670790934953587e+00
4.120967741935483986e+01 5.103802664990859661e+00
4.320564516129032029e+01 8.735761155916916820e-01
4.522177419354838435e+01 4.066573782091595035e+00
4.723790322580644840e+01 1.236059091665651977e+00
4.923387096774193594e+01 1.398932514867699650e+00
5.125000000000000000e+01 3.413403923675647267e+00
5.326612903225806406e+01 5.144146159380261984e+00
5.528225806451612812e+01 7.901363233881880666e-01
5.727822580645160855e+01 4.650769864137330067e+00
5.929435483870967261e+01 3.538492025204490243e+00
6.131048387096774377e+01 5.115071010788889261e+00
6.330645161290322420e+01 1.955751000728249034e+00
6.532258064516129537e+01 2.909009784066546977e+00
6.733870967741935942e+01 2.052106718855152945e+00
6.933467741935483275e+01 2.939018821084314226e+00
7.135080645161289681e+01 2.461917702008962650e+00
7.336693548387096087e+01 4.062658798004914473e+00
7.538306451612902492e+01 2.935058057813063614e-01
7.737903225806451246e+01 6.077563957202944955e+00
7.939516129032257652e+01 4.744990074278735648e+00
8.141129032258064058e+01 8.977924384033475480e-01
8.340725806451612812e+01 4.007544610449395250e+00
8.542338709677419217e+01 2.413517509909357539e+00
8.743951612903225623e+01 5.736111982010148935e+00
8.943548387096774377e+01 1.120632426243591384e+00
9.145161290322580783e+01 5.445111214634528629e+00
9.346774193548387188e+01 2.258946125481499756e+00
9.548387096774193594e+01 3.876781669347665549e+00
9.747983870967742348e+01 1.842632863590410786e+00
9.949596774193548754e+01 4.713813313618967271e+00
1.015120967741935516e+02 5.972366015733947542e+00
1.035080645161290249e+02 2.459781833580315880e+00
1.055241935483870890e+02 5.580050151350165244e+00
1.075403225806451530e+02 6.138385284141396170e+00
1.095362903225806406e+02 5.425345446816888462e+00
1.115524193548387046e+02 5.031959301210190638e+00
1.135685483870967687e+02 1.086759296917260809e+00
1.155846774193548328e+02 6.040690313079768003e+00
1.175806451612903203e+02 3.773591428123181934e+00
1.195967741935483843e+02 3.457275032345025867e+00
1.216129032258064484e+02 5.545771725146379616e+00
1.236088709677419359e+02 5.016996719648257885e-01
1.256250000000000000e+02 2.645437737695471858e-01
1.276411290322580641e+02 3.500319459171397973e+00
1.296370967741935374e+02 3.844596972494825238e+00
1.316532258064516157e+02 2.769437311432895399e+00
1.336693548387096655e+02 1.605038251311939002e+00
1.356854838709677438e+02 3.051879618654250503e+00
1.376814516129032313e+02 2.230931620108630220e+00
1.396975806451612812e+02 2.984775497717061299e+00
1.417137096774193594e+02 2.534982826653740418e+00
1.437096774193548470e+02 4.816348721957218970e+00
1.457258064516128968e+02 1.788392470680781665e+00
1.477419354838709751e+02 3.042673716350887236e+00
1.497379032258064342e+02 3.335790680736622438e+00
1.517540322580645125e+02 6.005748049556063783e+00
1.537701612903225623e+02 1.851837941207218563e+00
1.557862903225806406e+02 1.236611703838756959e-01
1.577822580645161281e+02 5.770530976806778622e-02
1.597983870967741780e+02 2.929614231368324884e+00
1.618145161290322562e+02 1.546834381228237021e+00
1.638104838709677438e+02 4.268797424607936541e+00
1.658266129032257936e+02 1.369694708798084415e+00
1.678427419354838719e+02 4.707276312162437387e-02
1.698387096774193594e+02 6.407680170893361726e-01
1.718548387096774093e+02 2.105153461840021389e+00
1.738709677419354875e+02 1.221685528174266455e+00
1.758870967741935374e+02 2.345291791983169283e+00
1.778830645161290249e+02 5.257193486688868767e+00
1.798991935483871032e+02 1.337294273626848495e+00
1.819153225806451530e+02 4.873855161008951775e+00
1.839112903225806406e+02 2.464337181979275593e-01
1.859274193548386904e+02 3.941366939494699739e+00
1.879435483870967687e+02 1.688026589385139609e+00
1.899395161290322562e+02 2.812614812242260065e+00
1.919556451612903061e+02 1.216063234494736189e+00
1.939717741935483843e+02 1.579067710839750616e+00
1.959879032258064342e+02 4.275374325781662321e+00
1.979838709677419217e+02 5.513151421267054708e+00
2.000000000000000000e+02 2.208126940872301880e+00
